3 8 10 12 24 28 31 34 45 48 49 50 54 61 62 66 69
2 12 21 26 28 30 34 38 45 47 48 51 54 58 60 62 67
7 9 13 15 16 17 18 25 41 43 45 47 49 53 65 67 69
2 3 6 9 12 18 19 20 21 28 31 34 35 40 50 56 58
1 11 14 17 21 22 23 26 29 31 34 36 38 48 55 66 69
5 8 10 11 12 13 15 17 21 22 43 45 55 56 61 65 70
1 3 4 5 8 12 19 26 28 33 35 52 54 59 61 65 69
6 12 15 19 22 23 27 29 32 34 35 46 48 54 56 57 70
12 16 19 21 24 31 34 38 41 43 44 45 46 50 53 61 63
6 9 13 15 20 25 35 40 44 47 49 52 53 55 61 64 66
6 7 19 20 23 29 30 40 46 56 58 59 62 63 66 68 70
4 6 12 14 17 20 21 30 34 36 38 43 48 65 66 67 68
4 5 8 11 12 14 15 18 21 22 32 35 41 43 44 52 53
4 5 6 8 10 18 19 21 40 47 51 58 59 60 62 67 70
4 10 14 17 20 24 27 28 36 45 51 53 61 65 66 67 68
1 2 3 4 15 16 17 19 25 26 34 44 49 51 56 66 68
2 6 13 15 22 29 30 32 34 35 37 40 42 52 54 61 65
3 6 7 10 11 13 19 23 26 38 39 46 57 59 63 65 68
5 6 10 18 21 25 28 34 35 37 38 40 45 47 53 66 68
1 4 5 6 9 11 17 21 29 30 41 42 43 44 55 57 62
1 4 7 13 17 24 28 30 34 38 46 51 56 57 59 60 69
1 3 5 7 11 16 17 21 26 29 34 35 38 56 61 64 68
13 16 18 20 21 25 27 34 36 37 42 47 48 56 61 62 63
3 5 8 11 12 15 22 23 25 26 34 46 47 50 51 63 67
3 6 7 9 12 13 14 22 28 29 30 33 40 42 61 63 66
4 6 8 10 12 19 31 32 34 37 38 43 50 54 55 58 59
2 4 6 8 10 13 16 18 19 26 35 42 48 51 55 58 59
1 2 4 7 10 26 28 32 34 43 47 51 56 61 62 67 68
7 8 9 10 12 16 27 30 31 32 35 42 62 64 66 69 70
2 3 7 13 14 15 19 22 27 34 39 40 43 45 46 57 65
5 6 12 14 15 19 20 29 30 31 36 42 44 49 58 60 70
5 6 7 8 10 21 22 24 29 31 32 35 37 41 47 60 64
12 14 19 20 30 32 37 42 43 45 49 50 52 57 67 68 69
2 5 6 11 14 15 22 25 27 29 30 32 33 36 45 55 59
9 11 13 17 25 28 33 36 37 40 43 44 53 55 65 66 68
5 11 14 17 19 29 34 37 39 41 47 48 52 60 65 68 70
3 5 7 15 18 22 37 39 40 46 47 51 52 53 62 65 68
2 3 4 9 22 28 32 43 44 45 46 47 50 51 59 61 69
1 4 12 16 23 25 27 29 35 39 41 43 44 47 55 57 61
4 8 15 17 18 27 29 30 38 42 48 49 50 59 65 67 68
3 12 17 24 28 32 33 36 42 46 50 53 57 61 64 66 68
2 16 17 21 25 28 29 36 38 41 44 57 58 59 62 64 70
5 6 8 13 14 15 25 29 33 35 39 40 44 48 55 59 61
1 3 4 6 13 21 27 28 30 39 42 49 51 57 61 65 68
3 7 11 20 23 25 26 29 39 41 42 43 46 47 52 66 67
1 4 5 12 13 24 33 37 38 39 43 46 55 61 62 65 69
6 9 10 12 16 19 20 26 27 28 32 35 36 39 63 65 67
1 7 11 12 18 20 28 31 35 36 40 43 47 52 57 65 70
2 3 6 11 12 18 25 29 39 42 47 49 52 54 57 63 67
2 4 5 14 17 22 25 30 31 40 46 58 59 63 65 67 68
3 11 13 15 20 28 35 40 41 42 43 48 52 62 64 65 68
1 3 4 9 10 12 15 23 24 28 29 32 34 42 49 55 59
1 5 6 9 22 27 28 35 39 49 51 52 54 56 58 60 63
6 7 12 16 24 25 27 35 36 37 40 41 42 43 48 50 62
2 4 7 8 14 19 22 27 28 30 35 43 44 46 55 63 68
1 4 8 9 16 20 21 24 26 28 32 34 37 40 46 59 67
3 5 7 9 13 21 30 31 32 33 34 35 39 58 59 62 63
2 3 4 5 6 7 12 17 30 34 39 45 60 61 64 67 68
1 12 15 16 17 23 24 29 30 31 37 41 49 59 65 68 69
10 14 15 24 26 28 44 47 48 52 53 58 61 62 65 67 69
1 2 4 11 15 22 23 28 33 35 36 39 45 49 57 61 66
2 3 5 11 13 20 30 34 40 41 44 45 46 47 56 65 70
4 8 20 25 27 35 36 43 47 53 56 60 63 64 67 68 69
1 6 7 14 19 21 23 34 37 40 41 44 48 56 59 62 68
10 12 21 23 24 26 27 38 42 44 51 56 57 63 67 69 70
4 8 11 12 15 17 28 33 35 40 47 48 51 59 64 66 68
1 2 7 8 10 11 13 15 18 33 37 42 51 56 62 68 69
2 3 6 15 17 18 24 29 33 55 58 59 60 62 64 65 68
16 21 23 24 27 31 37 39 40 45 52 53 55 59 60 62 68
2 10 11 15 21 27 28 29 36 37 42 44 45 49 51 55 63
4 6 7 10 14 19 20 23 30 36 37 44 50 53 65 66 68
10 15 18 25 27 28 32 36 45 46 48 49 54 60 62 64 67
5 7 9 12 16 18 29 31 34 38 40 43 44 46 48 59 63
9 12 13 17 18 20 26 28 36 48 50 51 53 55 57 62 66
1 4 5 6 13 20 21 22 23 26 30 31 33 38 44 51 53
5 11 12 17 22 23 24 38 40 41 47 48 50 55 58 62 64
1 2 13 19 20 28 29 31 40 42 43 45 53 55 56 58 64
1 2 4 7 14 22 23 28 30 36 39 40 43 49 52 56 60
3 10 13 15 16 19 20 21 29 34 41 44 46 50 66 67 68
7 9 18 20 25 28 29 30 31 35 37 41 51 53 57 61 65
4 14 17 18 26 29 39 41 43 47 54 55 62 64 67 69 70
2 7 13 14 20 21 27 29 32 37 38 43 45 46 49 52 58
5 7 8 9 12 16 19 20 23 24 29 34 38 45 48 61 67
6 9 12 14 25 26 27 40 41 44 57 58 60 61 63 67 68
2 3 8 16 17 23 28 45 46 49 52 54 56 57 58 61 62
1 6 11 15 19 21 22 27 28 34 38 41 44 48 50 58 62
1 10 16 20 23 24 25 33 35 36 39 41 50 58 59 68 70
3 8 9 10 13 22 26 29 33 34 36 43 47 54 56 59 69
2 3 8 17 23 26 28 37 38 41 51 52 53 56 57 61 64
12 14 15 26 27 28 31 36 37 41 49 50 51 57 58 60 61
6 7 12 13 14 18 29 31 34 37 39 43 44 48 50 51 70
15 21 26 28 33 37 44 49 50 51 54 55 58 62 63 64 66
1 4 11 14 23 27 28 29 33 39 43 47 56 60 61 65 69
4 13 19 21 26 28 31 45 49 50 52 57 60 61 65 66 68
1 10 13 15 19 22 26 28 34 43 50 52 56 58 60 63 70
5 12 13 28 29 34 40 44 47 52 53 56 58 60 62 63 64
4 7 8 10 13 14 24 25 29 30 31 40 45 46 51 54 55
1 3 6 8 9 11 20 22 27 31 32 35 44 46 58 60 68
3 6 8 10 22 36 37 42 44 46 47 52 53 55 62 64 68
